"ii" "jj" "X1" "X2" "X3" "X4" "X5" "X6" "X31" "X32" "X33" "X34" "X35" "X36"
"201" 0 1 0.458 1.206 0.136 0.975 1.171 1.815 0.760927211266085 1.24929331633742 0.937280819989988 1.33567094640494 1.06349730014698 1.50715771225285
"202" 0 2 0.234 0.128 0.377 0.455 0.52 0.401 1.38433323299618 0.768908627662755 0.922206969672606 0.997672606299803 0.9550706432765 0.648030183049699
"203" 0 3 0.0550000000000002 0.0550000000000002 0.0550000000000002 0.0550000000000002 0.0550000000000002 0.378 1.08439304876312 1.04387880060225 1.13237071541832 1.02044119311208 0.971646456270338 0.891016228291674
"204" 0 4 1.033 1.045 0.798 1.048 0.862 0.836 1.38025129143341 1.44818352258437 1.42204388874061 1.22618186774305 1.49778250606404 1.10826215540786
"205" 0 5 0.364 0.574 0.468 0.631 0.54 0.587 1.38635677297014 1.16670286430882 1.43083064112455 1.24488446321464 1.18486996237079 0.83081548042534
"206" 0 6 1.162 1.128 1.264 0.882 1.31 0.934 1.56756172995719 1.71288945535973 1.51600655388071 1.42143049082589 1.37664500630953 1.26457947503238
"207" 0 7 2.982 3.066 3.018 3.213 2.959 2.628 1.69962368201789 1.99473447167910 2.12469539962103 1.85488843630507 2.01934134981631 1.85206784919294
"208" 0 8 2.665 3.116 2.76 3.464 3.319 3.243 2.14069404909453 1.96481683770496 1.78906008508504 2.00872707059057 2.17896492153521 2.05326411935023
"209" 0 9 0.0550000000000002 0.0550000000000002 0.0550000000000002 0.0710000000000002 0.0550000000000002 0.227 1.5140151150419 1.01779911148400 1.13101629488695 1.03335592718499 1.12873536233961 1.38778732203973
"210" 0 10 0.745 0.837 0.51 1.306 0.653 1.059 1.51733744094466 1.53846860393519 1.48582449868761 1.44057364866118 1.5793793463055 1.51363965792597
"211" 0 11 0.501 0.4 0.0550000000000002 0.412 0.389 0.2 1.20254419586395 1.43547825956658 1.38537559820858 1.40878637667305 1.35822275582932 1.2328554346627
"212" 0 12 0.0550000000000002 0.0550000000000002 0.0550000000000002 0.0550000000000002 0.0550000000000002 0.0550000000000002 1.25386581171523 1.31806044222330 1.35746802550278 1.40341953465343 1.28895330918189 1.25036233620127
"213" 1 1 3.535 3.522 3.695 3.104 3.189 3.081 1.96003451856306 1.92459862821942 2.13423882409530 1.6421114323615 1.92889115291447 1.75670831615772
"214" 1 2 0.0550000000000002 0.4 0.0550000000000002 0.39 0.0550000000000002 2.391 0.833178289817734 1.00138721963043 0.95336386072892 0.977135990702533 0.605847284756505 1.54252802926609
"215" 1 3 0.458 0.911 0.814 1.418 1.424 0.711 1.24054535702435 1.4408289934652 1.29367355725988 1.40163331651401 1.22906611331296 1.48618617143811
"216" 1 4 0.0550000000000002 0.0550000000000002 0.0550000000000002 0.0550000000000002 0.0550000000000002 0.0550000000000002 1.26729541615724 1.29794291487523 1.02565181804609 1.34061483928902 0.952206076700847 1.16570624902980
"217" 1 5 0.0550000000000002 0.0550000000000002 0.0550000000000002 0.0550000000000002 0.0550000000000002 0.0550000000000002 1.11127048184052 1.39584232825029 1.15801373830455 1.11602135794867 0.743461564224091 0.786305223352806
"218" 1 6 0.0550000000000002 0.0550000000000002 0.0550000000000002 0.0550000000000002 0.0550000000000002 0.0550000000000002 1.50156271060915 1.26243626060671 1.26548676363031 1.0987076272062 1.08341838521871 1.33319868806994
"219" 1 7 0.0550000000000002 0.0550000000000002 0.0550000000000002 0.0550000000000002 0.0550000000000002 0.0550000000000002 1.24860274846022 1.39033909680876 1.06379412476513 1.29265343006336 1.21069501876692 1.17281173905444
"220" 1 8 0.0550000000000002 0.0550000000000002 0.0550000000000002 0.0550000000000002 0.0550000000000002 0.0550000000000002 1.19305777964150 1.11779363576997 1.14548451754476 1.35226808740292 1.24371704195611 1.05729185730109
"221" 1 9 2.067 2.29 2.169 2.035 1.989 1.776 1.60773113833480 1.79141596930365 1.65924571574337 1.72194731631709 1.91969781630733 1.48376336893144
"222" 1 10 0.085 0.246 0.277 0.132 0.124 0.2 1.35986190860980 1.45651778382706 1.21046850332808 1.48909600919980 1.31050100944619 1.43626410316386
"223" 1 11 0.676 0.806 0.571 0.78 0.56 0.821 1.51480754119920 1.61803560158262 1.49230879018113 1.50963537783756 1.37730431338224 1.72907382265151
"224" 1 12 0.0550000000000002 0.0550000000000002 0.0550000000000002 0.0550000000000002 0.0550000000000002 0.0550000000000002 1.29895404678569 1.37076474509104 1.43341409919280 1.32720890726076 1.29227538096843 1.12141315984015
"225" 2 1 0.0550000000000002 0.0550000000000002 0.0550000000000002 0.0550000000000002 0.0550000000000002 0.0550000000000002 1.06763971894582 1.21917621691026 0.878788401076332 1.13558507176908 0.987096846435955 1.27382136829092
"226" 2 2 0.0550000000000002 0.0550000000000002 0.0550000000000002 0.0550000000000002 1.01 0.0550000000000002 0.99502520462396 1.02947928163295 0.95342549770747 0.665877002143031 1.22182077143023 0.996594999951573
"227" 2 3 0.0550000000000002 0.0550000000000002 0.0550000000000002 0.0550000000000002 0.0550000000000002 0.0550000000000002 1.2963123156095 1.16522972625164 1.10067469538847 0.919355589395086 1.36405866415967 1.24237334725099
"228" 2 4 0.64 0.376 0.628 0.517 0.705 0.445 1.54216767526408 1.18989207660039 1.56561554295036 1.14040032942158 1.39918090425712 1.28860511282878
"229" 2 5 0.435 0.218 0.377 0.243 0.239 0.488 1.57890129778542 1.27684344503055 1.27194905932452 0.857195613692194 0.893672704967706 1.45570239457256
"230" 2 6 0.0550000000000002 0.0550000000000002 0.0550000000000002 0.0550000000000002 0.0550000000000002 0.143000000000000 1.33357596595926 1.33537331796089 1.16478474423769 1.14495903689433 1.39021157192963 1.50016310492726
"231" 2 7 1.324 1.538 1.832 1.409 2.169 1.011 1.79386575303101 1.52927053259292 1.83703944844612 1.63745532749177 1.80237894737461 1.51289068228487
"232" 2 8 0.0550000000000002 0.0550000000000002 0.0550000000000002 0.0550000000000002 0.0550000000000002 0.0550000000000002 1.16161137690648 1.19924133481860 1.40870073310416 1.29950042450503 1.11094520871155 1.21467613139705
"233" 2 9 2.2 2.36 2.295 2.322 2.471 2.29 1.79249498826397 1.75343900088283 1.84171359955542 2.06121447920163 1.72305329188023 1.68432598155884
"234" 2 10 0.234 0.0550000000000002 0.0550000000000002 0.189 0.154 0.172 1.45767563688825 1.17902850670212 1.50856127985074 1.37342791716871 1.47051298188341 1.08981272629890
"235" 2 11 1.518 1.53 1.331 1.393 1.415 1.396 1.79218634900216 1.76590550976939 1.68918708523407 1.64165991146111 1.93221543884723 1.53359877397019
"236" 2 12 0.825 0.706 0.51 0.975 1.094 1.212 1.53514778823396 1.60609296510678 1.46887174539921 1.57206599450584 1.43961811682437 1.69566847091800
"237" 3 1 0.0550000000000002 0.0550000000000002 0.0550000000000002 0.0550000000000002 0.0550000000000002 0.0550000000000002 1.30645705904666 0.954903821980357 1.20280315020259 1.04712656382248 1.32795696759792 0.999250180077435
"238" 3 2 1.033 0.633 0.377 0.987 0.739 0.0550000000000002 1.38276260377725 1.18788166669924 0.822275523874638 1.27745310465521 1.23818177838742 1.07310791507564
"239" 3 3 0.955 1.206 0.75 1.259 1.171 0.907 1.49495448664049 1.49020066822849 1.17747057877071 1.75365291688041 1.60233371676403 1.30062271565108
"240" 3 4 0.0550000000000002 0.0550000000000002 0.0550000000000002 0.0550000000000002 0.0550000000000002 0.0550000000000002 1.18267961756410 1.48467382110494 1.08352803079743 1.28545781086808 1.24017259444368 1.22252503441454
"241" 3 5 0.085 0.0550000000000002 0.0550000000000002 0.0550000000000002 0.211 0.113 1.3118831503831 1.25443561365511 0.872244159295108 0.905270499500466 1.43752956414653 1.17595965489275
"242" 3 6 0.0550000000000002 0.0550000000000002 0.0550000000000002 0.0550000000000002 0.0550000000000002 0.0550000000000002 1.39445711704029 1.22773258063690 1.20701648384852 1.4494575949402 1.53204459896172 1.34828792314960
"243" 3 7 0.563 0.652 0.446 0.81 0.456 0.508 1.30844541658657 1.57051055143425 1.43250225890729 1.48929090135209 1.41590117655248 1.24319143174715
"244" 3 8 0.0550000000000002 0.0550000000000002 0.0550000000000002 0.0550000000000002 0.0550000000000002 0.0550000000000002 1.22474892520749 1.45105116110076 1.34869527917192 1.16207615732014 1.26532319720298 1.36229477095151
"245" 3 9 0.658 0.67 0.423 0.733 0.739 0.727 1.29588256822973 1.42945931721517 1.58613689270972 1.29659448531703 1.31007486027838 1.38341466021935
"246" 3 10 0.117 0.3 0.166 0.497 0.54 0.694 1.17675068269308 1.588357999439 1.39717962456522 1.60186857996227 1.23161148535177 1.12201269013184
"247" 3 11 0.0550000000000002 0.0550000000000002 0.0550000000000002 0.0550000000000002 0.0550000000000002 0.0550000000000002 1.32093141005518 1.33882309400520 1.29665132102814 1.59314890952750 1.20580373095440 1.37445860923886
"248" 3 12 0.522 0.74 0.571 0.78 0.932 0.934 1.48455068742458 1.50840127678558 1.46738796553035 1.37518436804704 1.64925548300165 1.27005948640644
"249" 4 1 0.262 0.0550000000000002 0.277 0.0550000000000002 0.211 0.0550000000000002 1.09891571555323 1.28037360490864 1.17638222841123 1.38983215796576 1.09752267279900 1.15907243326082
"250" 4 2 1.082 1.206 1.117 1.19 1.233 0.642 1.3951921413738 1.12440149671466 1.38221095117369 1.42339031682244 1.44989685601725 1.20229952281567
"251" 4 3 0.0550000000000002 0.0550000000000002 0.0550000000000002 0.0550000000000002 0.0550000000000002 0.0550000000000002 1.25770249490649 1.06341457121100 1.49538061825626 1.36212490908927 1.12679019726598 0.948641866581298
"252" 4 4 0.0550000000000002 0.0550000000000002 0.0550000000000002 0.0550000000000002 0.183 0.744 1.55581352645748 1.15341458512802 1.35153492789957 1.30171324611929 1.31428077541709 1.33659274027940
"253" 4 5 1.266 0.953 1.244 1.342 0.56 1.507 1.6422194127345 1.17893485283718 1.29005651788322 1.80376130144281 1.35305543464149 1.51944548931254
"254" 4 6 1.413 1.032 0.93 0.666 0.905 1.17 1.64015032177342 1.52595901540808 1.74339024064144 1.75367083865349 1.63265556027434 1.45553687379959
"255" 4 7 0.0550000000000002 0.0550000000000002 0.0550000000000002 0.161 0.0619999999999998 0.113 1.43397528468028 1.36872411547532 1.33355718459041 1.38696069658964 1.17278135469593 0.992085603715687
"256" 4 8 1.455 1.162 1.367 0.936 1.548 1.81 1.83546615701909 1.67798385397453 1.55855571368537 1.54973581921122 1.81427222109963 1.5496392644344
"257" 4 9 1.36 1.105 0.93 1.306 1.182 1.047 1.59763863606328 1.78454789801226 1.38006047842783 1.50223045835725 1.5488277049865 1.4125918756906
"258" 4 10 0.563 0.837 0.489 1.384 0.959 1.16 1.61512675686764 1.57528706190778 1.6178599895293 1.49077352746061 1.23013193283034 1.55078991765918
"259" 4 11 0.0550000000000002 0.159000000000000 0.0550000000000002 0.39 0.456 0.378 1.26722367346586 1.30198085241450 1.59812802340916 1.31752712503422 1.51288847846536 1.54287517450062
"260" 4 12 0.0550000000000002 0.0550000000000002 0.0550000000000002 0.0550000000000002 0.0550000000000002 0.0550000000000002 1.22300332766799 1.28427555721017 1.16897901269222 1.42168992566902 1.05360669930811 1.22990904391539
"261" 5 1 0.0550000000000002 0.0550000000000002 0.0550000000000002 0.0550000000000002 0.0550000000000002 0.378 1.36581265101177 1.19323677267982 1.45930429019852 1.11797406837688 1.21611851705958 1.03292329059384
"262" 5 2 0.34 0.491 0.303 0.648 0.317 0.28 0.969260466249797 1.28688351504255 1.25116087534115 1.35381661977106 1.17150986157343 1.37337354045086
"263" 5 3 0.0550000000000002 0.0550000000000002 0.0550000000000002 0.0550000000000002 0.0550000000000002 0.0550000000000002 1.13455427656355 1.56526717258684 1.42820202612076 1.18833084894159 1.00565475044099 1.24226151149408
"264" 5 4 0.955 1.019 1.172 0.84 1.16 0.893 1.45678409849312 1.67613990715593 1.66695640735919 1.55185536985623 1.50527423431386 1.29142133771310
"265" 5 5 0.543 0.534 0.446 0.683 0.671 0.821 1.11146687968798 1.15109904944278 1.61699394714405 1.44222453147611 1.34618455500871 1.43302743149249
"266" 5 6 0.0550000000000002 0.0550000000000002 0.0550000000000002 0.0550000000000002 0.0550000000000002 0.0550000000000002 1.28628089151125 1.54824066863804 1.63702283617752 1.45307222316865 1.20354108246266 1.14099875652855
"267" 5 7 0.0550000000000002 0.0550000000000002 0.0550000000000002 0.0550000000000002 0.0550000000000002 0.0550000000000002 1.37313911139366 1.36237433082160 1.39855453866915 1.2161654052756 1.02307733957809 1.23727377465799
"268" 5 8 2.144 2.087 1.902 1.967 2.38 1.992 1.92542031567978 1.76728100470220 1.84193038375059 1.96625639060707 1.74626659491584 1.64726351727035
"269" 5 9 0.206 0.218 0.166 0.269 0.0619999999999998 0.467 1.4959166554409 1.18278220148468 1.21096472506713 1.33108974709534 1.18142540410339 1.44639263732040
"270" 5 10 3.082 3.201 3.37 3.114 3.199 3.193 2.11304478422558 2.33107523520138 2.03480978419941 1.83585532691016 2.13381978688569 2.29600191855334
"271" 5 11 0.0550000000000002 0.0550000000000002 0.0550000000000002 0.0550000000000002 0.0550000000000002 0.2 1.17428290329691 1.55507275794612 1.21717891253654 1.41452292113273 1.47733667311657 1.47343634715253
"272" 5 12 0.0550000000000002 0.0550000000000002 0.0550000000000002 0.0550000000000002 0.0550000000000002 0.0550000000000002 1.15668783105062 1.10481105536853 1.39681997769326 1.05281386766917 1.24377955035543 1.34254943217846
"273" 6 1 0.0550000000000002 0.0550000000000002 0.0550000000000002 0.0550000000000002 0.0550000000000002 0.0550000000000002 1.27315288507210 1.53389113978167 1.18650176975273 1.27882399509911 1.00267648649445 1.25897790330406
"274" 6 2 0.262 0.376 0.25 0.434 0.499 0.354 1.29586607753796 1.34086171538602 1.31186516537398 1.26480765610619 1.48982928145341 1.55607476423198
"275" 6 3 0.914 1.045 1.657 0.78 1.047 1.453 1.85750811452338 1.75986414823426 1.68521686732435 1.26168648773727 1.56728586267139 1.65639188815603
"276" 6 4 1.72 1.781 1.739 1.376 1.671 1.469 1.91022907686387 1.88601322463304 1.85230230127175 1.61968618829134 1.55624611769499 1.69421132630047
"277" 6 5 0.0550000000000002 0.189 0.0550000000000002 0.7 0.154 0.423 1.04659235411739 1.58958723228351 1.32096224328587 1.40518693218873 1.30263164015556 1.34719560982060
"278" 6 6 0.762 0.723 0.665 0.868 0.688 0.548 1.74455566455637 1.84715426812299 1.65900892239102 1.46949656161376 1.35954763524809 1.35685896523149
"279" 6 7 0.941 0.852 1.34 0.666 1.192 1.149 1.58375364966970 1.62817982968598 1.59494568410068 1.22717579479981 1.58780110513943 1.65436274539818
"280" 6 8 0.0550000000000002 0.0550000000000002 0.0550000000000002 0.0550000000000002 0.0550000000000002 0.0550000000000002 1.17112119070226 1.33658067823600 1.46544780017409 1.14527149416754 1.15769704568313 1.25674231629928
"281" 6 9 0.0550000000000002 0.0550000000000002 0.0550000000000002 0.102000000000000 0.0550000000000002 0.227 1.06693992380248 1.15793711359636 1.27798314669128 1.21307736961178 1.36415107797547 1.57065108508660
"282" 6 10 0.0550000000000002 0.0550000000000002 0.0550000000000002 0.0550000000000002 0.0550000000000002 0.0550000000000002 1.37769157179808 1.09196880445065 0.996135685841048 1.29092565812449 1.46639198859787 1.63643054297186
"283" 6 11 0.0550000000000002 0.0550000000000002 0.0550000000000002 0.0550000000000002 0.0550000000000002 0.0550000000000002 1.42748503178657 1.15301095521285 1.38965297315698 1.47654384147763 1.44794971073543 1.36674438237406
"284" 6 12 1.128 1.105 1.224 0.949 0.817 0.401 1.24077910880248 1.59593972259222 1.32893017585577 1.47352105152998 1.55423086071896 1.28397988497469
"285" 7 1 0.0550000000000002 0.0550000000000002 0.0550000000000002 0.0550000000000002 0.0550000000000002 0.0550000000000002 1.60503084513422 1.25638832408331 1.34490111213059 1.06421713817007 1.31599078716375 1.08171120139081
"286" 7 2 0.0550000000000002 0.0550000000000002 0.0550000000000002 0.0550000000000002 0.0550000000000002 0.0550000000000002 1.31281694303684 1.32188443034462 1.22399367448895 1.42856101874969 1.53068482969501 1.27444158259105
"287" 7 3 0.0550000000000002 0.128 0.195 0.0550000000000002 0.0550000000000002 0.2 1.53496760365649 1.32395939888391 1.15933341915279 1.35381210236316 1.33058809670934 1.27676414247880
"288" 7 4 0.0550000000000002 0.0550000000000002 0.0550000000000002 0.0550000000000002 0.0550000000000002 0.0550000000000002 1.44303510073622 1.43756701498264 1.31032390010109 1.16874849487500 1.36105839210640 1.13429806071520
"289" 7 5 0.0550000000000002 0.0550000000000002 0.0550000000000002 0.0550000000000002 0.0550000000000002 0.0550000000000002 1.55763079963041 1.34977938951705 1.27048077426824 1.32104426216380 1.29404448854015 1.34453666389694
"290" 7 6 0.676 0.67 0.7 0.294 0.918 0.907 1.81529072982824 1.67366278483642 1.45389112615313 1.2908603761841 1.49920058142722 1.81444302250908
"291" 7 7 0.501 0.0550000000000002 0.0550000000000002 0.0550000000000002 0.0550000000000002 0.423 1.48829144425748 1.24213883572896 1.07949577579541 1.30926314724827 1.39361055952525 1.42418851027687
"292" 7 8 0.234 0.376 0.401 0.294 0.265 0.227 1.31356697198237 1.52967733156046 1.24416489376348 1.24336329690581 1.34332932838293 1.31760710639912
"293" 7 9 0.0550000000000002 0.0550000000000002 0.0550000000000002 0.0550000000000002 0.0550000000000002 0.0550000000000002 1.05846773590734 1.23492788122824 1.19090058568553 1.3746283777857 1.54609829798827 1.16832681719733
"294" 7 10 0.0550000000000002 0.0550000000000002 0.0550000000000002 0.0550000000000002 0.0550000000000002 0.0550000000000002 0.96438107829111 0.931967728517355 1.26605571014874 1.46559915695892 1.6503010494119 1.43558440270161
"295" 7 11 0.762 0.925 0.7 0.962 1.059 0.836 1.18963615150394 1.53991557519880 1.61043157823566 1.68121978333854 1.64411152520027 1.51334751368938
"296" 7 12 0.856 0.491 0.195 0.81 0.499 0.624 1.34652810674310 1.02216683556243 1.21071349169629 1.52655528759676 1.30572365526850 1.57301691152692
"297" 8 1 0.0550000000000002 0.0550000000000002 0.0550000000000002 0.0550000000000002 0.0550000000000002 0.0550000000000002 1.3154721231627 1.40784894852981 1.12627458512426 1.37523681017431 1.13747840971098 1.23096725795140
"298" 8 2 0.0550000000000002 0.0550000000000002 0.0550000000000002 0.0550000000000002 0.0550000000000002 0.0550000000000002 1.36570217148114 1.27775049176279 1.48499366445093 1.58646821224392 1.32809493400151 1.37753781713367
"299" 8 3 0.0550000000000002 0.0550000000000002 0.0550000000000002 0.0550000000000002 0.0550000000000002 0.0550000000000002 1.32965270355852 1.16368384714939 1.40300695703006 1.38171904531793 1.28805406542759 1.38630662102893
"300" 8 4 0.0550000000000002 0.0550000000000002 0.0550000000000002 0.0550000000000002 0.0550000000000002 0.0550000000000002 1.44198201090097 1.33914104633228 1.20911376552594 1.40634244268607 1.18103265372045 1.28667163712473
"301" 8 5 0.206 0.351 0.105 0.343 0.412 0.624 1.37165870836516 1.36412035099936 1.36461025527459 1.41047151519044 1.48334970866409 1.63370220229869
"302" 8 6 0.621 0.652 0.647 0.748 1.082 0.986 1.61574582797934 1.43684142063854 1.40483750003684 1.48313405210749 1.89813369377901 1.49014951038267
"303" 8 7 0.0550000000000002 0.0550000000000002 0.0550000000000002 0.0550000000000002 0.0550000000000002 0.0550000000000002 1.17053941518961 1.05659673575321 1.31424226112992 1.41440538217650 1.35388980807481 1.40795750107571
"304" 8 8 0.0550000000000002 0.0550000000000002 0.0550000000000002 0.0550000000000002 0.154 0.467 1.34307938244287 1.10719534258615 1.16907222726527 1.29680662819315 1.31992574787222 1.5050508750687
"305" 8 9 0.0550000000000002 0.0550000000000002 0.0550000000000002 0.0550000000000002 0.0550000000000002 0.0550000000000002 1.10734015506870 1.12673262836183 1.34975842980995 1.54530546634933 1.18219732363737 1.34788470006781
"306" 8 10 0.0550000000000002 0.0550000000000002 0.0550000000000002 0.0550000000000002 0.0550000000000002 0.0550000000000002 0.776692924808451 1.18017545504770 1.42441546514553 1.6373854077293 1.44043725981354 1.60096531793046
"307" 8 11 0.0550000000000002 0.096 0.166 0.0550000000000002 0.0550000000000002 0.423 1.12194681649253 1.33868252365660 1.40701222350485 1.34582166636379 1.29650556969747 1.20265334505326
"308" 8 12 3.174 2.887 3.31 2.407 3.244 2.995 1.54388187648582 1.81186187957143 2.12958670083601 1.78436681937122 2.2689770368795 2.09785150105122
"309" 9 1 0.0550000000000002 0.0550000000000002 0.0550000000000002 0.0550000000000002 0.0550000000000002 0.0550000000000002 1.45166668966632 1.1800314023981 1.43166945587555 1.19326179225989 1.28462060936186 1.42658138099912
"310" 9 2 0.085 0.218 0.277 0.0710000000000002 0.093 0.488 1.31140093929454 1.57158694959039 1.69592020976796 1.38356873975296 1.43849916865389 1.12989458140655
"311" 9 3 0.0550000000000002 0.0550000000000002 0.0550000000000002 0.0550000000000002 0.0550000000000002 0.0550000000000002 1.16809884306772 1.43182410326124 1.42208431596887 1.33333811600725 1.43304121403419 1.29465982597819
"312" 9 4 0.927 0.993 0.957 0.683 0.688 0.467 1.55672036518038 1.47701048511420 1.68116557865401 1.38974539465647 1.50039896760617 1.98289824265606
"313" 9 5 0.364 0.67 0.782 0.975 0.389 0.401 1.32303196557085 1.51394626404572 1.54779149618604 1.66624032220151 1.60610715928291 1.56483267185968
"314" 9 6 1.628 0.925 0.766 0.936 0.124 0.227 1.63015628581348 1.45739560285178 1.49299888027486 1.87929994500169 1.28576509389489 1.4964934498715
"315" 9 7 2.588 2.636 2.971 3.461 3.805 2.981 1.64465592949276 1.97174413852402 2.19647145539310 2.28885282217075 2.44794757112023 2.17511970054992
"316" 9 8 0.0550000000000002 0.0550000000000002 0.0550000000000002 0.0550000000000002 0.0550000000000002 0.0550000000000002 0.979607616426605 1.10490426994158 1.2719366802174 1.29226148766184 1.40709281008017 1.39874905932541
"317" 9 9 0.288 0.447 0.0550000000000002 0.269 0.389 0.401 1.03470068179579 1.37027817470891 1.50412177453594 1.22736739624048 1.44339470003688 1.70536312202468
"318" 9 10 0.0550000000000002 0.0550000000000002 0.0550000000000002 0.0550000000000002 0.0550000000000002 0.0550000000000002 0.998349553484284 1.31660926770932 1.57923499075275 1.41466168669134 1.59610908822427 1.54597207144028
"319" 9 11 0.0550000000000002 0.0550000000000002 0.0550000000000002 0.161 0.124 0.568 1.12102613600857 1.24734632566571 1.27028165103161 1.28603444808590 1.10631347040584 1.35458835077306
"320" 9 12 0.0550000000000002 0.0550000000000002 0.0550000000000002 0.0550000000000002 0.0550000000000002 0.2 0.814500097263669 1.09543682162953 1.05286104682754 1.35021803132706 1.27380853670873 1.58635352623722
"321" 10 1 1.726 1.822 1.907 1.547 1.598 1.842 1.65909613564413 1.95363416958644 1.74514236121250 1.74072298654188 1.89604273251934 1.89843563254728
"322" 10 2 0.0550000000000002 0.0550000000000002 0.0550000000000002 0.0550000000000002 0.0550000000000002 0.0550000000000002 1.53175908836586 1.664480213142 1.41959115326104 1.47346893351927 1.05910060298324 1.08528260753928
"323" 10 3 0.0550000000000002 0.0550000000000002 0.0550000000000002 0.0550000000000002 0.0550000000000002 0.0550000000000002 1.41271770782363 1.43538103555713 1.36333268054662 1.47129681211306 1.33657287074535 1.00968531165286
"324" 10 4 0.0550000000000002 0.0550000000000002 0.0550000000000002 0.102000000000000 0.341 0.401 1.17779352825713 1.43231587313942 1.23745108993778 1.37141815257216 1.98488891392599 1.42021255022321
"325" 10 5 2.984 2.958 3.013 2.629 2.755 2.635 2.07043255779209 2.11552102757241 2.22439086465459 2.23490198193415 2.23336254108619 1.93018425400347
"326" 10 6 0.0550000000000002 0.0550000000000002 0.0550000000000002 0.0550000000000002 0.0550000000000002 0.0550000000000002 1.12178336801990 1.25695790052610 1.63075173250401 1.27751382227654 1.47194066277317 1.82434570139052
"327" 10 7 0.0550000000000002 0.0550000000000002 0.0550000000000002 0.0550000000000002 0.0550000000000002 0.0550000000000002 1.14359926950734 1.34081778378370 1.33949715990928 1.42929759662415 1.39479020698996 1.59686165824980
"328" 10 8 0.0550000000000002 0.0550000000000002 0.0550000000000002 0.0550000000000002 0.0550000000000002 0.0550000000000002 0.949629466232674 1.18605642511636 1.25107779584845 1.39417716839757 1.40360191643734 1.27439611850873
"329" 10 9 0.602 0.218 0.195 0.0550000000000002 0.211 0.227 1.23052370171692 1.44055843424259 1.14913126497822 1.32696198405754 1.64893546374706 1.48287921538353
"330" 10 10 0.658 0.79 0.75 0.909 0.89 0.677 1.27375288006129 1.64919766434218 1.52776452850201 1.78866653804127 1.75743219679286 1.636923757431
"331" 10 11 0.0550000000000002 0.0550000000000002 0.0550000000000002 0.0550000000000002 0.0550000000000002 0.0550000000000002 1.01867025764366 1.11963177182513 1.16415724697080 1.03441160771054 1.18930252928772 1.13956094050058
"332" 10 12 0.0550000000000002 0.0550000000000002 0.0550000000000002 0.0550000000000002 0.0550000000000002 0.143000000000000 0.847844427859295 0.882148601984545 1.23963029831404 1.20639572408513 1.50965212335595 1.37573861893733
"333" 11 1 0.0550000000000002 0.159000000000000 0.136 0.216 0.0619999999999998 0.227 1.47843487979048 1.29950236458654 1.39810254290711 1.56621249738472 1.46202736840968 1.57995483134528
"334" 11 2 2.63 2.664 2.292 2.792 2.781 2.158 2.34430238913296 2.14104501570644 2.11064921234435 1.84025620106210 1.86710993802072 1.96459164301616
"335" 11 3 1.849 2.114 2.06 2.275 1.989 1.996 1.87770693584291 1.91818297503204 2.0336739359658 1.96922062713990 1.57081884006565 1.96212149668596
"336" 11 4 1.979 3.126 2.005 3.054 2.973 3.292 1.88294502402865 2.04810919275272 1.89292583788238 2.74206945086295 2.14791384802115 2.1074033897755
"337" 11 5 3.601 3.455 3.122 3.193 2.977 3.178 2.19058022131196 2.30130702776297 2.35929662657933 2.36272555518213 2.04514575261943 2.30207547179347
"338" 11 6 0.147000000000000 0.351 0.195 0.319 0.239 0.28 1.15434160293799 1.64692663232317 1.29064387430079 1.54280497399137 1.88815906497342 1.46577813099748
"339" 11 7 1.422 1.316 1.284 1.649 1.223 0.727 1.55658583721765 1.59588833337967 1.72169961909647 1.81453170816451 1.91874308679030 1.60818156386654
"340" 11 8 0.0550000000000002 0.0550000000000002 0.0550000000000002 0.0550000000000002 0.0550000000000002 0.0550000000000002 1.00423052355295 1.14327159841225 1.33602675142103 1.37782634331514 1.26953988880255 1.19996594093460
"341" 11 9 0.728 0.447 0.61 0.648 0.802 0.423 1.37245918945170 1.08799393856765 1.40206482586822 1.72830719927835 1.62376791216468 1.59817281991513
"342" 11 10 0.0550000000000002 0.0550000000000002 0.0550000000000002 0.0550000000000002 0.0550000000000002 0.0550000000000002 1.22102159632014 1.18847179215268 1.46376076549759 1.47761604838328 1.44205222165994 1.53201028170726
"343" 11 11 0.0550000000000002 0.0550000000000002 0.0550000000000002 0.0550000000000002 0.0550000000000002 0.0550000000000002 0.872039378054894 0.9934448021278 0.923823874697519 1.12188971666412 1.10221668047645 1.34798847117285
"344" 11 12 0.0550000000000002 0.0550000000000002 0.0550000000000002 0.0550000000000002 0.0550000000000002 0.0550000000000002 0.61950649401747 1.05033634468433 1.07867938536306 1.42785601603147 1.30286714972870 1.34444127523223
"345" 12 1 0.941 0.925 0.782 1.083 1.047 1.138 1.49265311200608 1.62555640535251 1.74983563335266 1.77741153791712 1.84443930468386 1.52539153055867
"346" 12 2 0.0550000000000002 0.0550000000000002 0.0550000000000002 0.0550000000000002 0.0550000000000002 0.0550000000000002 1.38827091599222 1.49944236397262 1.11551903920056 1.15727198012956 1.42996802857180 1.21539250692666
"347" 12 3 0.899 0.757 0.798 1.105 0.905 0.744 1.51679784020698 1.65710346735217 1.57329974102156 1.35167080557404 1.69557993734104 1.6602110197829
"348" 12 4 1.563 1.85 1.922 1.863 2.412 1.92 1.52439695792084 1.80779914384791 2.4253926669367 1.85710543354566 1.89067917410574 1.76142889776431
"349" 12 5 0.914 0.967 0.943 1 0.997 1.023 1.48401930160343 1.71020009782707 1.72714132149209 1.50773863526620 1.72396026394780 1.66221812715138
"350" 12 6 1.988 1.583 2.23 0.896 1.832 1.429 1.93598040004284 1.58150647634261 2.02032128217798 2.05357199471939 1.89188813096655 1.74906981722133
"351" 12 7 1.333 1.372 1.193 1.525 1.223 1.201 1.41867671753054 1.63777913594598 1.63260986261653 1.97493894223953 1.73795390558892 1.39137348132282
"352" 12 8 1.675 2.014 1.886 1.809 1.555 0.986 1.37645806790707 1.73821799643902 1.79927204226867 1.70638305290526 1.59192606628719 1.94523007152525
"353" 12 9 1.6 1.483 1.393 1.368 1.16 1.071 1.17227501340275 1.48837208951888 1.83741571244896 1.72422319232653 1.77217271271549 1.64437152327499
"354" 12 10 0.288 0.0550000000000002 0.0550000000000002 0.0550000000000002 0.0550000000000002 0.0550000000000002 1.0041222555253 1.29304832065460 1.36702831537025 1.37463940903634 1.49466602168313 1.32724436877560
"355" 12 11 1.648 1.545 1.468 1.18 1.223 0.821 1.16318840844644 1.13895849249639 1.37770194937062 1.32577771600911 1.61603128767851 1.65325105660507
"356" 12 12 0.262 0.128 0.073 0.0710000000000002 0.183 0.0819999999999999 0.83327113524721 0.892521811919553 1.28852543754673 1.21106002519129 1.31832485855497 1.35107990365381
"357" 13 1 0.0550000000000002 0.0550000000000002 0.0550000000000002 0.0550000000000002 0.0550000000000002 0.0550000000000002 1.34479659135258 1.54848592783807 1.51654580462701 1.60525848964984 1.26762505897145 0.944139250669395
"358" 13 2 0.0550000000000002 0.0550000000000002 0.0550000000000002 0.0550000000000002 0.0550000000000002 0.0550000000000002 1.42784294343328 1.09261999915835 1.16225109401121 1.45076285122305 1.24497951901031 1.45184633087319
"359" 13 3 0.0550000000000002 0.0550000000000002 0.0550000000000002 0.0550000000000002 0.0550000000000002 0.0550000000000002 1.36709123252029 1.32857304698709 1.05725116450493 1.47534295143698 1.495329661256 1.52016477424021
"360" 13 4 0.0550000000000002 0.0550000000000002 0.0550000000000002 0.0550000000000002 0.0550000000000002 0.0550000000000002 1.19299713197408 1.85446756675587 1.34149262842705 1.25012919960965 1.26908511849006 1.32917294832687
"361" 13 5 0.0550000000000002 0.0550000000000002 0.0550000000000002 0.0550000000000002 0.0550000000000002 0.0550000000000002 1.30738243697531 1.40023249496248 1.21005494345280 1.45535890797948 1.40432812712045 1.08023464624215
"362" 13 6 0.0550000000000002 0.0550000000000002 0.0550000000000002 0.0550000000000002 0.0550000000000002 0.0550000000000002 0.98493771763634 1.32215794188463 1.76715014917142 1.38378398641578 1.37127073037229 1.25896499366676
"363" 13 7 1.463 1.258 1.183 1.149 1.128 0.66 1.45595131972652 1.52071539334882 1.80657035547877 1.67862564112021 1.35637646381826 1.53645992852069
"364" 13 8 0.0550000000000002 0.0550000000000002 0.0550000000000002 0.0550000000000002 0.0550000000000002 0.0550000000000002 0.977813356988407 1.15163644877648 1.13719156607587 1.13160991787760 1.66648710718276 1.11738533575818
"365" 13 9 0.0550000000000002 0.0550000000000002 0.0550000000000002 0.0550000000000002 0.0550000000000002 0.0550000000000002 0.853179695748647 1.30353183903453 1.25724974502779 1.40483132866332 1.33125583467944 1.34360986293797
"366" 13 10 0.0550000000000002 0.0550000000000002 0.0550000000000002 0.0550000000000002 0.0550000000000002 0.0550000000000002 1.03040621268752 1.17773436174055 1.24692307031428 1.41286991435865 1.27825861385269 1.41014684264932
"367" 13 11 0.0550000000000002 0.0550000000000002 0.0550000000000002 0.0550000000000002 0.0550000000000002 0.0550000000000002 0.461278997344978 0.788201518784255 0.876204280381517 1.20285273456967 1.38447749707067 1.18793151268
"368" 13 12 0.0550000000000002 0.0550000000000002 0.0550000000000002 0.0550000000000002 0.0550000000000002 0.0550000000000002 0.593786696298583 1.06329935605779 1.04690657347339 1.17328697220288 1.27090102514150 1.51657881392584
"369" 14 1 1.286 1.278 1.046 1.384 1.128 1.16 1.8110150787273 1.82560390744194 1.87922331781721 1.64914845305127 1.26496911989590 1.56811217309603
"370" 14 2 0.0550000000000002 0.0550000000000002 0.0550000000000002 0.0550000000000002 0.0550000000000002 0.172 0.993150621469336 1.11919582854817 1.44134321015394 1.25545681882053 1.47397925806057 1.23096458169696
"371" 14 3 2.16 2.151 1.676 2.407 2.223 1.551 1.77234246368469 1.56199749289552 1.89045871774694 2.13293682961706 2.1224924235374 1.46679521714558
"372" 14 4 0.621 0.513 0.665 0.825 0.862 1.138 1.85282133447553 1.37992665904030 1.37451693636769 1.46516947680746 1.55306866258165 1.64442378755943
"373" 14 5 1.045 0.897 1.105 0.648 0.755 0.791 1.48712087911335 1.33079160315946 1.68220849100294 1.53950969685539 1.26537841653596 1.55112100886501
"374" 14 6 0.0550000000000002 0.0550000000000002 0.0550000000000002 0.0550000000000002 0.0550000000000002 0.0550000000000002 1.11563012566517 1.63761282276084 1.30824397108360 1.33202818018929 1.24378226187648 1.31701692779715
"375" 14 7 0.899 0.74 0.916 0.825 1.171 0.947 1.19459646818391 1.53567761912944 1.52227701143368 1.22096031540868 1.64911696417820 1.59396105060055
"376" 14 8 1.07 0.706 1.234 0.7 1.223 0.921 1.17954405500624 1.14317912123287 1.34103647057887 1.77414572313059 1.39706964716262 1.44253256768044
"377" 14 9 1.378 1.673 1.827 1.933 2.185 2.177 1.39998973106746 1.50712721996952 1.75808641851269 1.75920258449782 1.87276696515792 2.015135170673
"378" 14 10 0.694 0.706 0.61 0.825 0.817 1.047 1.07792629516057 1.21765121115648 1.41929647873106 1.39110863217243 1.55611614025777 1.72930013467499
"379" 14 11 0.0550000000000002 0.0550000000000002 0.0550000000000002 0.0550000000000002 0.0550000000000002 0.0550000000000002 0.509280688877572 0.655863913178285 1.04304213999463 1.27418246786144 1.11508120559626 1.49077454395925
"380" 14 12 1.008 0.897 0.665 1.159 0.817 0.791 1.04272614873484 1.04343086765066 1.16463371020401 1.44651044758027 1.63856831481428 1.49226611412311
"381" 15 1 0.0550000000000002 0.723 0.0550000000000002 0.161 0.0550000000000002 0.0550000000000002 1.39417738689578 1.74849662378274 1.27900024055359 1.01297499113470 1.29031652885484 1.45557255508646
"382" 15 2 0.412 0.376 0.51 0.343 0.265 0.488 1.08850810238863 1.46430382425882 1.35408687084478 1.55135785499306 1.27007794527986 1.27826117000297
"383" 15 3 0.314 0.0550000000000002 0.0550000000000002 0.0550000000000002 0.0550000000000002 0.0550000000000002 0.90810840347233 1.36459274836019 1.45335313780366 1.52111963899765 1.06559093140036 1.20902829578503
"384" 15 4 0.87 1.287 1.349 1.554 1.203 1.232 1.29500075747688 1.43553931036006 1.54924763125949 1.71512166088802 1.65721041499609 1.73366053312549
"385" 15 5 1.183 1.66 1.284 2.026 1.203 1.529 1.20189235836857 1.70331402173522 1.63659825295178 1.57112158063868 1.64776684850330 1.81323494429933
"386" 15 6 1.804 1.888 1.843 1.77 1.956 2.089 1.88366532616737 1.65512266330569 1.72423669335990 1.65610897060976 1.80695967774038 1.91557776254381
"387" 15 7 1.045 1.045 0.93 0.962 1.047 0.934 1.37087093964492 1.38657885230497 1.13887258239565 1.52497558012603 1.58375964771928 1.75749299353171
"388" 15 8 0.583 0.424 0.25 0.537 0.598 0.694 0.847151298980084 0.93188537409202 1.52428652726567 1.12907353983814 1.3058753841861 1.43359974455503
"389" 15 9 0.0550000000000002 0.0550000000000002 0.0550000000000002 0.0550000000000002 0.0550000000000002 0.0550000000000002 0.79470486767525 1.07114313078346 1.10524343458450 1.19847412633480 1.37830446828145 1.32732980319425
"390" 15 10 0.0550000000000002 0.0550000000000002 0.0550000000000002 0.0550000000000002 0.0550000000000002 0.0550000000000002 0.762030381249797 1.04831325438497 1.02229803759739 1.23899253961996 1.38719268473411 1.19769572088079
"391" 15 11 0.0550000000000002 0.0550000000000002 0.0550000000000002 0.0550000000000002 0.0550000000000002 0.0550000000000002 0.376619277283908 0.811023577029042 1.09995777729114 0.99103348517789 1.40593547341913 1.26265901283266
"392" 15 12 2.264 2.529 2.682 2.425 1.87 1.421 1.14055490584615 1.42991827966418 1.67270547998518 1.93780287260783 1.68843590391591 1.67444585257233
"393" 16 1 0.412 0.3 0.0550000000000002 0.537 0.291 0.33 1.53649461190891 1.28133228322990 0.959333614587519 1.42035226864447 1.53350020438365 1.24432378111163
"394" 16 2 0.206 0.128 0.0550000000000002 0.102000000000000 0.154 0.2 1.26288616340705 1.16452090145802 1.43200273460824 1.2129194464544 1.19245688425775 1.26285366129998
"395" 16 3 0.0550000000000002 0.0550000000000002 0.0550000000000002 0.0550000000000002 0.0550000000000002 0.0550000000000002 1.18276684679677 1.34554694036746 1.46296922202111 1.03981535827816 1.20417206607884 1.13731032160983
"396" 16 4 0.0550000000000002 0.0550000000000002 0.0550000000000002 0.0550000000000002 0.0550000000000002 0.0550000000000002 0.894611494140598 1.06848173342034 1.23271021698441 1.30636786481310 1.39900637276379 1.17798499227597
"397" 16 5 0.177 0.218 0.105 0.243 0.239 0.254 1.07210938228460 1.19660551660244 0.956601522380714 1.33402212866515 1.43704912281399 1.41228995579359
"398" 16 6 0.64 0.67 0.446 0.434 0.341 0.488 1.06878741239260 1.23513853423118 1.18614980902530 1.32643257940249 1.40377635966254 1.53779588997713
"399" 16 7 0.0550000000000002 0.0550000000000002 0.0550000000000002 0.0550000000000002 0.0550000000000002 0.0550000000000002 0.855222458623605 0.712078628765949 1.15107352711825 1.23270639753766 1.46992152432308 1.18558142775959
"400" 16 8 1.105 0.821 0.996 0.594 0.412 0.568 0.843477307512039 1.47330038239358 1.1094429613534 1.20863968822012 1.29619761359206 1.33233888649899
"401" 16 9 2.946 2.897 2.906 2.5 2.219 2.343 1.57692230087678 1.65630306738127 1.81250638890261 1.93165229621508 1.84185092468195 1.89374716965174
"402" 16 10 1.396 1.59 1.468 1.24 1.301 1.127 1.13305433277630 1.20692233177466 1.44829642047824 1.58478782145859 1.45105665034067 1.80570367462133
"403" 16 11 0.856 1.032 1.139 1.384 1.233 1.071 0.75451904379596 1.12448520389416 1.09807137472566 1.62944145978411 1.48570023119689 1.49850814826655
"404" 16 12 0.0550000000000002 0.0550000000000002 0.0550000000000002 0.0550000000000002 0.0550000000000002 0.0550000000000002 0.495649652496938 0.713711004967583 1.09606562945870 1.04615858456665 1.19536328247110 1.13814172445652
"405" 17 1 0.0550000000000002 0.0550000000000002 0.0550000000000002 0.0550000000000002 0.0550000000000002 0.0550000000000002 1.05955747952099 0.873453359486478 1.24834000540250 1.45652741984390 1.17453378108070 1.43272287791563
"406" 17 2 0.676 0.688 0.682 0.497 0.722 0.744 1.13143785703747 1.49601082288632 1.31219760090643 1.25978131113555 1.39968314587950 1.64757962468491
"407" 17 3 0.314 0.096 0.0550000000000002 0.269 0.093 0.305 1.209319124148 1.34456046703911 0.96427534294598 1.22301523018156 1.13244187553384 1.32934437421760
"408" 17 4 0.0550000000000002 0.0550000000000002 0.0550000000000002 0.0550000000000002 0.0550000000000002 0.0550000000000002 0.8398056653983 1.08206033777793 1.21326209226942 1.34583308149706 1.15194202793348 1.51458530260605
"409" 17 5 0.0550000000000002 0.0550000000000002 0.0550000000000002 0.0550000000000002 0.0550000000000002 0.0550000000000002 0.904770265689352 0.772317648966289 1.17240582422355 1.31969345304753 1.32093141005518 1.32969744744698
"410" 17 6 1.162 1.032 0.902 0.854 0.54 0.529 1.10603928340697 1.15591299825274 1.325744812109 1.46122310948091 1.50292442076851 1.44447733249063
"411" 17 7 2.164 1.117 1.183 0.936 1.105 1.035 1.01127056218597 1.2333588108176 1.39466153333863 1.61290011407139 1.40972215393947 1.70847368185125
"412" 17 8 0.0550000000000002 0.0550000000000002 0.0550000000000002 0.0550000000000002 0.0550000000000002 0.0550000000000002 0.986465266772615 0.633688308435882 0.902529093645078 1.08900258438282 1.12024572227240 0.906919426709338
"413" 17 9 0.0550000000000002 0.0550000000000002 0.0550000000000002 0.0550000000000002 0.0550000000000002 0.0550000000000002 0.605658431486895 0.806644968794168 1.09378474850192 1.13043177569215 1.18787952768305 1.09347299615596
"414" 17 10 0.84 0.67 0.734 1.127 0.499 0.568 0.729432084255861 0.991038132795546 1.26025428243494 1.2666054938485 1.53854489298556 1.26095854831088
"415" 17 11 0.0550000000000002 0.0550000000000002 0.0550000000000002 0.0550000000000002 0.0550000000000002 0.354 0.596545148155493 0.557891185422349 1.07026135949211 1.01632291184763 1.11442557816531 0.926758282371082
"416" 17 12 1.333 1.057 0.446 1.012 0.412 0.0819999999999999 0.814911573915654 1.12039925276083 0.944521964328572 1.29401963302108 1.11550271241994 1.12514958392406
"417" 18 1 1.045 1.216 0.93 1.22 1.223 1.261 0.96034174363735 1.45566237939487 1.63587700286736 1.46497249367279 1.74489521963801 1.70558115048804
"418" 18 2 1.688 1.786 1.643 1.426 1.665 1.484 1.56091157809543 1.48231741735299 1.49529843866052 1.55152630998222 1.88238260718034 1.76434033954839
"419" 18 3 1.988 2.204 2.116 2.119 1.956 1.91 1.62942725615992 1.3969254637395 1.63123802906645 1.6291828699814 1.75142998130368 1.99577520117931
"420" 18 4 1.162 1.216 1.451 0.748 1.022 1.335 1.13493937257913 1.35767821885499 1.61415963419833 1.27262921530988 1.73971247115336 1.70133284392099
"421" 18 5 0.87 0.821 0.916 0.434 0.997 0.947 0.7308898267135 1.19102615630814 1.42567711432547 1.34200673130212 1.53639740680979 1.50921405097670
"422" 18 6 1.556 1.515 1.312 1.409 1.611 1.28 1.02489064595848 1.28615866723692 1.44132110242474 1.64264586765967 1.67730377295623 1.61677555721016
"423" 18 7 1.887 1.981 2.033 1.809 1.678 1.614 1.16343798091091 1.3909211661354 1.75084666235349 1.49051283901595 1.81015194619608 1.71132613124593
"424" 18 8 0.0550000000000002 0.0550000000000002 0.0550000000000002 0.0550000000000002 0.0550000000000002 0.0550000000000002 0.354443672541505 0.670510530679491 0.914777893812525 0.996198001854024 0.822080356169216 1.19859908284466
"425" 18 9 0.0550000000000002 0.0550000000000002 0.0550000000000002 0.0710000000000002 0.0550000000000002 0.143000000000000 0.5327261498468 0.85312646081923 0.943241093811347 1.05499979976231 0.996771357377338 1.55745399291257
"426" 18 10 1.256 1.399 1.34 1.473 1.87 1.387 0.887340934199736 1.19480266456019 1.12596825069936 1.65328185935059 1.50604740678108 1.68643476526126
"427" 18 11 0.0550000000000002 0.513 0.223 0.594 0.0550000000000002 0.66 0.312206040084706 0.9469378399371 0.854157720180983 1.09962478585815 0.726062127477359 1.04234676081591
"428" 18 12 0.117 0.273 0.0550000000000002 0.412 0.211 0.2 0.642482317478382 0.652055278688956 0.819353844119202 0.944058787617288 1.02990759392217 1.39638735503558
"429" 19 1 0.995 1.184 0.93 1.19 1.611 0.791 1.18914884888970 1.57528253359964 1.31071819262632 1.69669552659787 1.78539841869776 1.56110224496688
"430" 19 2 2.227 2.101 1.957 2.103 2.294 1.858 1.37334134933095 1.46896284516832 1.60254910886711 1.94809503019933 1.95815451806304 1.69785116501211
"431" 19 3 2.733 2.573 2.755 2.218 2.003 2.166 1.29291878425498 1.58456844136631 1.69122370839695 1.75513145439437 1.98367379829804 1.70239941206931
"432" 19 4 0.435 0.757 0.628 0.666 0.985 0.775 0.883050396602204 1.23649425199720 1.11234144801639 1.56128779240030 1.55734708899808 1.66593700519215
"433" 19 5 0.694 0.0550000000000002 0.0550000000000002 0.0550000000000002 0.722 0.423 0.883303804013871 0.98600525516767 1.09491900996024 1.18456171084381 1.38728334858516 1.65495847223183
"434" 19 6 0.522 0.534 0.51 0.497 0.579 0.529 0.737709265901661 1.00980930665008 1.23882098737034 1.26463731517557 1.353653821555 1.24405989903708
"435" 19 7 0.0550000000000002 0.0550000000000002 0.0550000000000002 0.0550000000000002 0.0550000000000002 0.0550000000000002 0.588905101669595 0.981942385102187 0.840202434159937 1.24557565434914 1.20332991784867 1.56394956472664
"436" 19 8 0.728 0.867 0.468 0.987 0.972 0.33 0.579263140303552 0.894519606129833 0.921107319973225 0.937829199677049 1.35079744406604 1.29667710714031
"437" 19 9 0.0550000000000002 0.128 0.073 0.161 0.341 0.254 0.590372119366276 0.71710376165089 0.857091128041746 0.875908323742365 1.50288570852562 1.45557329205387
"438" 19 10 1.694 1.833 1.907 1.18 1.399 1.627 1.02918894779398 1.01214473114435 1.56331666768394 1.1576609001882 1.57015289608182 1.70126093600616
"439" 19 11 0.0550000000000002 0.0550000000000002 0.0550000000000002 0.0550000000000002 0.0550000000000002 0.66 0.599849476083228 0.56304817739851 0.738416139813414 0.554618202674711 0.747876199385453 1.52621963296677
"440" 19 12 2.054 1.925 1.821 1.894 1.758 1.764 0.941253505870997 1.08750684100951 1.10681993015926 1.30622846551836 1.67893820242566 1.89581921473733
"441" 20 1 0.234 0.189 0.195 0.497 0.478 0.775 1.08874932272045 0.958939741991271 1.33351832548276 1.42985369885961 1.45010213776725 1.60000713285303
"442" 20 2 0.0550000000000002 0.0550000000000002 0.0550000000000002 0.0550000000000002 0.0550000000000002 0.0550000000000002 0.66602759425523 0.915579521166974 1.28162158290060 1.28301313401087 1.17112119070226 1.32745503167778
"443" 20 3 0.0550000000000002 0.0550000000000002 0.0550000000000002 0.0550000000000002 0.0550000000000002 0.0550000000000002 0.638469190542091 0.769072611910102 1.04031511567230 1.37313483383070 1.08042794286069 1.15128459787284
"444" 20 4 0.458 0.4 0.0550000000000002 0.412 0.154 4.254 0.882086185417214 0.84448387457288 1.25122864248699 1.30566853588924 1.43652058851489 1.14598309016494
"445" 20 5 1.634 1.433 1.224 1.22 1.381 5.28 1.1356701395467 1.24860721418558 1.34205111626877 1.41215974794735 1.84213673657666 1.49610265602425
"446" 20 6 0.0550000000000002 0.0550000000000002 0.0550000000000002 0.0550000000000002 0.0550000000000002 4.055 0.600550385041421 0.883302424404758 0.970441196033841 1.08737752970806 1.03056368563981 1.33573330021124
"447" 20 7 0.0550000000000002 0.0550000000000002 0.0550000000000002 0.0550000000000002 0.0550000000000002 0.0550000000000002 0.708023566154819 0.599544146477245 1.05838497246834 1.06610733278507 1.46724792594801 1.22468943012332
"448" 20 8 1.503 1.719 1.87 1.899 2.048 1.9 0.804393836105451 1.01471284495562 0.979049099385056 1.45277726757392 1.65468025132479 1.73307928844995
"449" 20 9 0.778 0.939 1.009 0.594 1.562 0.76 0.647847187741818 0.844510465629591 0.898314560647143 1.41045634478988 1.69106285144586 1.35254996739989
"450" 20 10 0.412 0.273 0.25 0.455 0.341 0.305 0.403670653004765 0.874292839187178 0.690323682714895 1.14248039985060 1.22194751743285 1.31421370138018
"451" 20 11 0.0550000000000002 0.128 0.105 0.189 0.211 0.305 0.368832118866265 0.518811993846575 0.348507916645251 0.603754213838779 1.26401333749970 1.18374433613139
"452" 20 12 1.495 1.792 2.456 1.642 0.972 0.548 0.81045420786617 0.86966896450482 1.23686066725021 1.45936421126981 1.53119882516555 1.36991914217012
"453" 21 1 0.0550000000000002 0.0550000000000002 0.0550000000000002 0.0550000000000002 0.0550000000000002 0.0550000000000002 0.674975919649609 1.12480588063976 1.19929453727516 1.26787503942936 1.36723430140033 1.23301318917074
"454" 21 2 2.345 2.268 2.149 2.551 2.298 2.181 1.27450884177133 1.69299905784232 1.72366822386024 1.76681079766350 1.88728356246916 2.01295338726552
"455" 21 3 0.0550000000000002 0.0550000000000002 0.0550000000000002 0.0550000000000002 0.0550000000000002 0.0550000000000002 0.495821688187264 0.834343256514506 1.22891854106025 0.984277961180425 1.09042532405272 1.23492788122824
"456" 21 4 0.0550000000000002 0.0550000000000002 0.0550000000000002 0.0550000000000002 0.0550000000000002 4.055 0.471920187523339 1.03088827528376 1.04895794131420 1.29935413073423 1.01911849736692 0.942559429328762
"457" 21 5 0.0550000000000002 0.0550000000000002 0.0550000000000002 0.0550000000000002 0.0550000000000002 6.59 0.595334006862632 0.79273255330318 0.921720771662767 1.35817473044401 1.07876358548413 2.01663772424639
"458" 21 6 3.253 3.318 3.562 2.762 2.824 6.685 1.47741217688596 1.61545433692258 1.85208684782726 1.62809824343336 1.99061737571833 1.65987520374404
"459" 21 7 0.0550000000000002 0.0550000000000002 0.0550000000000002 0.0550000000000002 0.0550000000000002 0.0550000000000002 0.336789805024292 0.812433354593598 0.867655803921649 1.31761346374161 1.11637828859351 1.31825809234942
"460" 21 8 0.0550000000000002 0.0550000000000002 0.0550000000000002 0.0550000000000002 0.0550000000000002 0.973 0.317370556760839 0.238768436972901 0.744497790192985 0.952622316160488 1.11275456212766 1.38396963170734
"461" 21 9 0.81 0.723 0.682 0.936 0.671 1.047 0.586722101775718 0.575176446436098 1.21943341303086 1.34970464092893 1.19813654882658 1.24173053354693
"462" 21 10 0.0550000000000002 0.0550000000000002 0.0550000000000002 0.0550000000000002 0.0550000000000002 0.0550000000000002 0.620905352083505 0.397976679605199 0.81422725667828 0.963825531886177 1.10602169162740 1.10524885008947
"463" 21 11 1.526 1.756 1.702 1.547 1.381 1.679 0.737930789274668 0.567356950990813 0.792514986999199 1.43855363205814 1.32615251798818 1.45394813690449
"464" 21 12 1.511 1.861 1.63 2.078 2.211 1.716 0.671799682986958 0.860285734165575 1.23465561583228 1.63731964203506 1.66322854716786 1.42447894322774
"465" 22 1 0.0550000000000002 0.189 0.0550000000000002 0.367 0.317 0.642 0.862163772672689 1.04637201221688 1.1401587007073 1.37012390836157 1.25514171996211 1.20927279145826
"466" 22 2 1.276 0.993 1.046 1.116 0.985 1.492 1.15049099126234 1.20392493613101 1.21409450489304 1.47030500936032 1.62746554201683 1.49723819972901
"467" 22 3 3.402 3.411 3.284 3.703 3.319 3.15 1.46389385517925 1.91949245957130 1.70091022374824 1.97030172341492 2.04802043128736 1.97739575774467
"468" 22 4 0.0550000000000002 0.0550000000000002 0.0550000000000002 0.161 0.124 4.172 0.751643639389383 0.816939378348612 1.12512944016393 0.923842205519972 0.876448930217211 1.23672617552386
"469" 22 5 0.825 0.867 0.873 0.896 0.945 4.836 0.727813734355812 0.901462483980074 1.39301261999178 1.16981242899196 1.47343608546776 1.58173374898107
"470" 22 6 1.855 1.666 1.948 1.25 1.81 5.593 0.955599995469625 1.09150665852394 1.20870385742708 1.41375434208336 1.31406406221423 1.52294017696004
"471" 22 7 1.707 1.639 1.349 1.747 1.671 1.421 1.01514820925595 1.04996085579521 1.46107684350353 1.41453463914349 1.63734765174141 1.40785054234265
"472" 22 8 0.0550000000000002 0.0550000000000002 0.0550000000000002 0.0550000000000002 0.0550000000000002 0.0550000000000002 0.0159943588333141 0.498988247410511 0.737713670115754 0.941310637325009 1.00454192741975 1.33613363598793
"473" 22 9 0.0550000000000002 0.0550000000000002 0.0550000000000002 0.0550000000000002 0.0550000000000002 0.0550000000000002 0.199646102189568 0.809829267064024 0.890894354899471 0.850443134708476 0.832138523794159 1.19793190701844
"474" 22 10 0.0550000000000002 0.0550000000000002 0.0550000000000002 0.0550000000000002 0.0550000000000002 0.0550000000000002 0.237638332176149 0.584947719595272 0.741914876475168 0.917933414757269 0.955599889089118 0.951781128162191
"475" 22 11 3.843 3.952 4.102 4.276 4.432 4.342 1.01223052661581 1.18815433962885 1.91060217947776 1.9178590491434 2.04311468475937 2.20946950092063
"476" 22 12 0.458 0.4 0.401 0.517 0.499 0.548 0.400895986306893 0.703942318155023 0.963941171066753 1.00509799212452 0.92865080874614 1.02972437430229
"477" 23 1 0.583 0.897 1.105 0.896 0.617 0.66 0.880063945636903 1.16272969869236 1.42622190130540 1.31614888113899 1.14162780335243 1.43540128138116
"478" 23 2 0.0550000000000002 0.0550000000000002 0.0550000000000002 0.0550000000000002 0.0550000000000002 0.0550000000000002 0.670404106224327 0.724768423404097 1.02250870049957 1.26474194137902 1.03434503550241 1.11549597075298
"479" 23 3 0.762 0.0550000000000002 0.571 0.0550000000000002 0.876 0.401 0.921233537962642 0.592448803639796 0.945962747130333 1.03802985372613 1.27532811577597 1.38258603804221
"480" 23 4 1.276 1.268 0.957 1.297 1.16 4.865 0.87443484511553 1.21371400962410 0.952708666496316 1.05761205943933 1.40819596531666 1.57866049303379
"481" 23 5 0.34 0.273 0.303 0.476 0.265 4.172 0.495665285384264 0.984203859259893 0.8104037572714 1.19650162326136 1.31843689316555 1.34141033734003
"482" 23 6 1.463 1.731 1.358 1.596 1.355 5.396 0.7907215131863 0.902166052157782 1.23530343613099 1.09487755562135 1.33880116492346 1.54400240766112
"483" 23 7 0.0550000000000002 0.159000000000000 0.468 0.243 0.54 0.624 0.397243920512764 0.892567300721056 0.852468850241616 1.07830372693877 1.03846569519791 1.43725228455541
"484" 23 8 0.0550000000000002 0.0550000000000002 0.195 0.0550000000000002 0.0550000000000002 0.254 0.304772188878267 0.498295238434629 0.75962892272412 0.824048513301643 1.19579876909230 1.48460230261348
"485" 23 9 0.745 0.218 0.468 0.161 0.739 0.0550000000000002 0.836776633920688 0.705857674959319 0.740632479297468 0.672821675495452 1.23394008887522 1.16475167860512
"486" 23 10 0.0550000000000002 0.0550000000000002 0.0550000000000002 0.0550000000000002 0.0550000000000002 0.0550000000000002 0.463349866648839 0.526839943390538 0.696481962176886 0.761520705958625 0.793704818874219 1.13115339572862
"487" 23 11 0.412 0.273 0.0550000000000002 0.557 0.341 0.0550000000000002 0.148721734627315 0.674446024657638 0.553966292460812 0.792998415430311 0.957984223581894 1.00222122759435
"488" 23 12 0.0550000000000002 0.0550000000000002 0.0550000000000002 0.0550000000000002 0.0550000000000002 0.0550000000000002 0.578332002794888 0.695281392956199 0.667639564941557 0.607413976213905 0.724102514405277 0.913826294118035
"489" 24 1 3.969 4.076 4.237 4.338 4.463 4.377 1.71763744021425 2.01229581981645 2.06318114370681 2.04131848842891 2.39479383144029 2.52452377030939
"490" 24 2 0.84 0.652 1.234 0.39 0.705 0.568 0.658595216081149 0.952532994676837 1.41053153652301 1.00122588651261 1.20708547164143 1.35009285987824
"491" 24 3 2.371 2.587 2.302 2.919 2.836 2.666 0.947158556121 1.25250445944764 1.46073917184533 1.69263410214095 1.94681297069216 2.14720965956706
"492" 24 4 1.404 1.258 1.367 1.036 1.854 5.429 0.987873953885428 0.788457048621573 0.878160530575908 1.22490436025312 1.73879220864684 1.88494739030222
"493" 24 5 2.164 2.005 2.435 1.687 1.926 5.476 1.25179014249368 1.02473738057353 1.52046500302328 1.54330752942982 1.69795703958917 1.589911643571
"494" 24 6 0.0550000000000002 0.0550000000000002 0.0550000000000002 0.0550000000000002 0.0550000000000002 4.055 0.224477688303909 0.63612246477709 0.461697481005189 0.814500097263669 1.04976041765923 0.990554178010358
"495" 24 7 0.778 0.554 0.551 1.127 0.771 0.401 0.866365527903097 0.636393275703348 0.942222012337878 1.01730085250838 1.33681741765977 1.13129588262946
"496" 24 8 0.0550000000000002 0.0550000000000002 0.0550000000000002 0.132 0.0550000000000002 0.548 0.337956891005579 0.492349385641111 0.602137857890635 1.02861049222216 1.28093905589884 1.29607280161157
"497" 24 9 0.34 0.469 0.647 0.666 0.635 0.642 0.617374107727172 0.525828974784266 0.583284508629355 1.02004662003045 1.16410394074572 1.21747764047838
"498" 24 10 0.0550000000000002 0.0550000000000002 0.0550000000000002 0.0550000000000002 0.0550000000000002 0.0550000000000002 0.448264481246141 0.499625807356767 0.543327949276037 0.59537426383087 0.965653832675592 0.889209392774654
"499" 24 11 0.0550000000000002 0.0550000000000002 0.0550000000000002 0.0550000000000002 0.0550000000000002 0.0550000000000002 0.583307137868932 0.379220800064542 0.44468284539021 0.679633105335373 0.83041365341162 1.03531827849776
"500" 24 12 1.563 1.39 1.567 1.699 1.495 1.815 1.12202153141863 0.881060627162525 0.814804342404751 0.96917820468522 1.12778677795242 1.68969817001531
"501" 25 1 0.177 0.0550000000000002 0.0550000000000002 0.0550000000000002 0.093 0.28 0.674751183922075 0.696048295026933 0.70456522643004 1.07428896816477 1.27688469976927 1.33948191099869
"502" 25 2 0.0550000000000002 0.064 0.0550000000000002 0.0550000000000002 0.291 0.113 0.516571318586613 0.85230182026889 0.723106633203241 0.893434315149267 1.17820550681390 1.20120853802243
"503" 25 3 0.968 0.757 1.293 0.962 0.89 1.842 0.550307260851831 0.795430411113445 1.05283971613467 1.28852136562861 1.55684137518011 1.52894366452769
"504" 25 4 0.0550000000000002 0.0550000000000002 0.0550000000000002 0.0550000000000002 0.211 2.076 0.216243331855358 0.274408439592325 0.750867740015038 1.08939141633968 1.43480837826564 1.82160880675569
"505" 25 5 1.342 1.59 1.952 1.23 1.44 1.798 0.622006159576801 1.04559831738366 1.40032745481365 1.33759882907223 1.44988393928340 1.57495037815361
"506" 25 6 2.062 2.276 1.757 2.244 2.48 1.614 0.98666354910199 0.825121906466921 1.05678981123421 1.46342414639827 1.50843359682901 1.60662578791899
"507" 25 7 0.0550000000000002 0.0550000000000002 0.0550000000000002 0.0550000000000002 0.0550000000000002 0.113 0.340612071131441 0.578313903826297 0.504418768525944 0.954386283646782 0.887732635914815 1.13452704840050
"508" 25 8 2.2 1.827 2.223 1.842 2.48 2.028 0.952965818408964 0.868034353377433 1.37471618249892 1.57190272991120 1.6623964923236 1.73380845799039
"509" 25 9 0.676 0.554 0.798 0.557 0.972 0.624 0.503439226925584 0.361185496666379 0.837682434776429 0.944601957130943 1.14154950599678 1.29566081023125
"510" 25 10 0.501 0.757 0.7 1 0.833 1.522 0.588715491996632 0.559125314022625 0.558387265219341 1.02143128585764 0.928573247163356 1.37563896601127
"511" 25 11 0.621 0.189 0.0550000000000002 0.189 0.52 0.28 0.550275224241259 0.332118193325464 0.476623471526219 0.66563220083442 0.984635905189288 1.16912877837635
"512" 25 12 0.479 0.633 0.303 0.764 0.54 0.401 0.702503316213423 0.44159929810119 0.399217439631868 0.729833973801872 1.1629549287295 0.900754490996385
"513" 26 1 1.404 1.925 0.328 1.948 1.399 0.113 0.788286618936708 0.971478367318776 0.96119828628397 1.64316211470567 1.54650884364863 1.33824464698473
"514" 26 2 0.117 0.0550000000000002 0.0550000000000002 0.0550000000000002 0.0550000000000002 0.0819999999999999 0.603933193101651 0.477155015328497 0.694982786285845 0.964513901750352 1.07715453934976 1.27612486525621
"515" 26 3 0.288 0.273 0.0550000000000002 0.343 0.124 0.113 0.422445265775802 0.528344768008231 0.834570459676249 1.24726915430152 0.943090366776825 1.20109481840761
"516" 26 4 0.288 0.273 0.0550000000000002 0.269 0.0550000000000002 0.0819999999999999 0.114877218595595 0.564529625803992 0.874482770294945 1.27910731060585 1.14279538818238 1.40878246810898
"517" 26 5 0.206 0.3 0.195 0.0710000000000002 0.183 0.254 0.475725115994277 0.712509023132527 0.836988543042775 0.897804810879584 0.996258368400837 0.921676507159616
"518" 26 6 0.0550000000000002 0.0550000000000002 0.0550000000000002 0.0550000000000002 0.0550000000000002 0.0550000000000002 0.0619407018950143 0.365538845579771 0.647356348130121 0.66213103424459 1.03381968406149 1.03078383549324
"519" 26 7 1.621 1.632 1.483 1.776 1.407 0.401 0.881773193737008 0.71738669258417 1.1205348310664 1.16078202421289 1.32767931054110 1.34123773614155
"520" 26 8 0.927 0.837 0.682 1.138 1.253 0.711 0.545173176947322 0.801660027678802 1.03885283037147 1.09980879442311 1.35795175208022 0.945334484894578
"521" 26 9 2.662 2.899 2.905 2.953 2.778 2.786 0.90138946702053 1.23320837095159 1.36985781566227 1.47852695917883 1.70851037890566 1.72671286915045
"522" 26 10 0.0550000000000002 0.0550000000000002 0.105 0.0550000000000002 0.0550000000000002 0.0550000000000002 0.386008309627912 0.234379756011737 0.575493080619918 0.5162489374433 0.800556592702796 1.49986767587658
"523" 26 11 0.435 0.3 0.0550000000000002 0.319 0.0550000000000002 0.354 0.467603739519219 0.423432712936943 0.438214292923924 0.730540243895887 0.92738553709054 1.12146622390197
"524" 26 12 0.314 0.424 0.195 0.557 0.54 0.445 0.475946850115134 0.344720603273529 0.39918200429622 0.97175207765687 0.755435200936124 1.06863687586755
"525" 27 1 0.0550000000000002 0.0550000000000002 0.0550000000000002 0.0550000000000002 0.0550000000000002 0.0550000000000002 0.201152597294395 0.641146668409228 0.930896300127964 1.03207438144223 1.21419064831207 1.25649369073743
"526" 27 2 0.501 0.424 0.551 0.319 0.389 0.445 0.352527012847997 0.54750212387369 0.891377281512272 0.987710889899744 1.23991442464820 1.34207346337949
"527" 27 3 0.0550000000000002 0.0550000000000002 0.0550000000000002 0.0550000000000002 0.0550000000000002 2.142 0.246399261297216 0.589060916893775 0.954189079685353 0.752917870545605 1.05509568554858 1.97840884363178
"528" 27 4 1.404 1.653 2.046 1.826 1.652 0.806 0.677299281557462 1.06880719575668 1.54175416743353 1.44300197406428 1.69459045835620 1.51470951926092
"529" 27 5 0.995 1.611 1.588 1.609 2.185 1.484 0.740813532846335 0.992051863102622 1.08765129832572 1.19522723438784 1.29615611758783 1.33414925664366
"530" 27 6 2.738 2.38 2.813 2.289 2.746 2.241 0.972183849776196 1.06335284361692 1.18927958166421 1.44611192950243 1.60312181191955 1.83917676311213
"531" 27 7 0.0550000000000002 0.096 0.0550000000000002 0.132 0.124 0.305 0.210768373296917 0.547207247674852 0.475460696101733 0.78327732692632 1.10055245880281 1.23616125032102
"532" 27 8 0.0550000000000002 0.0550000000000002 0.0550000000000002 0.0550000000000002 0.0550000000000002 0.0550000000000002 0.557435426604382 0.693921623689491 0.59379322438301 0.832057776690846 0.595469767854709 0.776064222140102
"533" 27 9 2.853 2.861 3.102 2.466 2.963 2.971 1.23814850941402 1.20897887788324 1.31596018251253 1.42267178347132 1.59785906727054 1.42996903058766
"534" 27 10 0.0550000000000002 0.0550000000000002 0.0550000000000002 0.0550000000000002 0.0550000000000002 0.0550000000000002 0.303093873634064 0.442230893459214 0.325202458104232 0.601018074266537 1.31919586316220 0.895688959408357
"535" 27 11 1.07 0.98 0.943 1.2 1.047 1.138 0.753365979236602 0.601946027994157 0.72370256010452 1.04235411458934 1.12651836241313 1.03682767999952
"536" 27 12 0.0550000000000002 0.0550000000000002 0.0550000000000002 0.0550000000000002 0.0550000000000002 0.0550000000000002 0.41762735193531 0.308905219256040 0.676916629635706 0.433843941163805 0.7788291921595 1.28427918344381
"537" 28 1 0.522 0.723 0.551 0.748 0.817 1.047 0.522218665928728 0.864572780572952 0.958937761204154 1.24118985600490 1.34378325012942 1.70358606230388
"538" 28 2 0.085 0.159000000000000 0.0550000000000002 0.132 0.124 0.143000000000000 0.232713760019817 0.539467738729799 0.701145100997868 0.998713356988407 1.12468861623475 1.0987704115444
"539" 28 3 0.0550000000000002 0.0550000000000002 0.0550000000000002 0.0550000000000002 0.0550000000000002 0.0550000000000002 0.394844858361531 0.714770648004228 0.533236155944717 0.874602271430481 1.27160254816471 1.20108809177560
"540" 28 4 1.256 1.258 1.244 1.287 1.495 1.522 0.800711705470484 1.09858891606481 1.06311989008184 1.40743075291464 1.55207484397485 1.59721323473017
"541" 28 5 1.151 1.093 1.139 0.868 0.985 0.508 0.745596867299047 0.738219222383946 0.846204353236034 0.74460550588591 1.04063009021283 0.96135560594692
"542" 28 6 2.941 1.861 2.631 2.299 3.099 2.258 1.13704881004395 0.734023426844087 1.32074774424841 1.28346268544763 1.90656291434482 1.61864295431393
"543" 28 7 0.0550000000000002 0.0550000000000002 0.0550000000000002 0.0550000000000002 0.0550000000000002 0.0550000000000002 0.504111218029003 0.300715203705464 0.550318899743362 0.881101340556293 0.996496533281156 1.22405073166039
"544" 28 8 0.0550000000000002 0.0550000000000002 0.0550000000000002 0.0550000000000002 0.0550000000000002 0.0550000000000002 0.711347476437636 0.444857143746834 0.629048142881692 0.394316886706081 0.59916756311734 1.02257536195095
"545" 28 9 0.0550000000000002 0.0550000000000002 0.0550000000000002 0.0550000000000002 0.0550000000000002 0.172 0.516064424076994 0.369226566780401 0.577211018417969 0.609006263119998 0.457811503587565 1.03642647729968
"546" 28 10 1.887 1.925 1.849 1.735 1.901 1.499 1.06042130261601 0.745434193174465 0.9117518190466 1.57937872637528 1.21369824077667 1.13370395862869
"547" 28 11 0.0550000000000002 0.0550000000000002 0.0550000000000002 0.0550000000000002 0.124 0.254 0.523938490941652 0.43039720363577 0.572990095139603 0.66731281692653 0.577648567720043 0.968351810989615
"548" 28 12 0.0550000000000002 0.0550000000000002 0.0550000000000002 0.0550000000000002 0.0550000000000002 0.172 0.532956542920183 0.661961742939517 0.295568462291403 0.596914178254028 1.10096169529775 0.847107103991477
"549" 29 1 0.0550000000000002 0.0550000000000002 0.0550000000000002 0.0550000000000002 0.0550000000000002 0.0550000000000002 0.460484416719079 0.578799646993109 0.83818120996017 0.965510753898199 1.30407264373057 1.22627014261649
"550" 29 2 0.0550000000000002 0.0550000000000002 0.0550000000000002 0.0550000000000002 0.0550000000000002 0.0550000000000002 0.317023108768983 0.461726669316742 0.758131642387519 0.925466630688076 0.934549830363052 0.96486053161239
"551" 29 3 0.81 0.513 0.75 0.497 0.412 0.529 0.759360872003749 0.428270904575993 0.84133447316233 1.20348569986601 1.14833913077525 1.35787658292858
"552" 29 4 0.389 0.273 0.223 0.497 0.154 0.172 0.741119634546948 0.584487814140067 0.897179300334258 1.08710994655864 1.06782263972791 1.26260494715360
"553" 29 5 2.017 1.877 2.005 1.616 1.965 1.716 0.91044376023955 0.8496624841302 0.835027034917608 1.01357096374091 1.19132747146532 1.46766423512088
"554" 29 6 0.658 0.554 0.551 0.576 0.239 0.401 0.375527397198239 0.582245108995 0.596947115407532 1.02102608181259 0.89882109441692 1.07948229286996
"555" 29 7 2.682 2.693 2.85 2.319 2.836 2.53 1.03118391359647 1.11741139053576 1.43673456389000 1.40985793784681 1.80199692978048 1.53201810663632
"556" 29 8 0.602 0.3 0.423 0.294 0.52 0.354 0.66204268994059 0.575857384292416 0.303156121652728 0.464500473252510 0.96811783495086 0.865940344683227
"557" 29 9 0.899 0.491 0.489 0.576 0.598 1.679 0.719245547365774 0.60821418205963 0.550597150757203 0.403408652514935 0.969007187239415 1.42696873149324
"558" 29 10 1.173 1.151 1.094 1.18 1.472 1.105 0.714383798979103 0.670017891149278 1.24681470692555 0.828049838147206 0.942424846349214 1.00014809410331
"559" 29 11 0.0550000000000002 0.0550000000000002 0.0550000000000002 0.0550000000000002 0.0550000000000002 0.0550000000000002 0.654448527299913 0.558035208443414 0.529037338054128 0.377004982385999 0.731020037129264 0.810118528716798
"560" 29 12 0.412 0.513 0.531 0.434 0.412 0.423 1.03168874532252 0.444002845956956 0.610652012881936 1.03210962374809 0.731150822452519 0.841456096930949
"561" 30 1 1.844 1.816 1.933 1.488 1.31 1.222 0.870169302746579 1.07674849256476 1.25557189644017 1.51253637246961 1.42657813286372 1.16196807200061
"562" 30 2 0.501 0.513 0.401 0.161 0.154 0.33 0.422445464744835 0.653166391018795 0.797470260991353 0.775232982064346 0.842082999183464 1.49810526311013
"563" 30 3 0.0550000000000002 0.0550000000000002 0.0550000000000002 0.0550000000000002 0.0550000000000002 0.0550000000000002 0.182358765915275 0.437616682934842 0.862062818714196 0.857359947644754 1.07114313078346 1.06743761729276
"564" 30 4 0.0550000000000002 0.0550000000000002 0.0550000000000002 0.0550000000000002 0.0550000000000002 0.0550000000000002 0.446740923424242 0.654723145514139 0.748945761304628 0.842620656113131 1.06534824124343 0.996077275580782
"565" 30 5 0.0550000000000002 0.0550000000000002 0.0550000000000002 0.0550000000000002 0.0550000000000002 0.0550000000000002 0.323152168770065 0.130995828235625 0.377812536557949 0.472176353218801 0.845013803795298 1.08646350281423
"566" 30 6 1.314 1.632 0.983 1.342 1.07 0.508 0.80595667602886 0.741425320485642 0.928487876574862 0.997053927554007 1.08417134813291 1.08261976569947
"567" 30 7 0.0550000000000002 0.0550000000000002 0.0550000000000002 0.0550000000000002 0.0550000000000002 0.0550000000000002 0.470096936729514 0.558400948157863 0.60429717279346 0.847615554201367 0.679560579636227 0.513529945568824
"568" 30 8 1.681 1.625 1.643 1.655 1.533 1.308 1.07163350773493 0.542073571008675 0.654448503746858 1.08037212673537 1.00290676890868 1.30491832829781
"569" 30 9 0.0550000000000002 0.0550000000000002 0.0550000000000002 0.0550000000000002 0.0550000000000002 0.0550000000000002 0.662935216435697 0.380520365717024 0.103416061636628 0.63167307032424 0.80221819064233 0.980098256293503
"570" 30 10 2.351 2.315 2.313 2.574 2.291 2.4 1.21978350052771 1.56327410594364 0.997302930703375 1.05962411815803 1.13874489167153 1.37631620703514
"571" 30 11 0.0550000000000002 0.0550000000000002 0.0550000000000002 0.0550000000000002 0.0550000000000002 0.0550000000000002 0.830862210826413 0.553157436005395 0.261542817013908 0.559296537008178 0.629019390034982 0.445678068808910
"572" 30 12 0.0550000000000002 0.0550000000000002 0.136 0.0550000000000002 0.0550000000000002 0.0550000000000002 0.638019271656329 0.545848179194696 0.860885006445616 0.474846056365283 0.564310867287685 0.583612673440509
"573" 31 1 0.694 0.424 0.647 0.132 0.183 0.28 0.611867287992852 0.616706645071444 1.06235428848717 0.918746998850724 0.730304825285965 1.16424940581986
"574" 31 2 0.0550000000000002 0.0550000000000002 0.0550000000000002 0.0550000000000002 0.0550000000000002 0.0550000000000002 0.407254252358077 0.488481042192437 0.525010100912535 0.621132387481543 1.26538609667930 0.816222858347374
"575" 31 3 0.0550000000000002 0.0550000000000002 0.0550000000000002 0.0550000000000002 0.0550000000000002 0.0550000000000002 0.359041220790446 0.665206663894076 0.639167190962166 0.872812575740114 0.901938054239737 1.01244276974315
"576" 31 4 1.183 1.173 0.873 1.278 1.488 1.232 0.92892711586829 0.877657411765502 0.852590800358745 1.19658283728263 1.2132268442552 1.37074500314419
"577" 31 5 0.0550000000000002 0.0550000000000002 0.0550000000000002 0.0550000000000002 0.0550000000000002 0.677 0.148421680983769 0.228876455921773 0.269166719409647 0.64386092264667 0.909566843791469 0.972671374725663
"578" 31 6 2.988 2.855 3.006 2.972 2.945 2.803 1.17819658096511 1.31691140369987 1.25766459107208 1.40088997255380 1.56341938155652 1.85582611701722
"579" 31 7 0.0550000000000002 0.326 0.328 0.0550000000000002 0.093 0.254 0.679334214457521 0.590514622149408 0.745506441838573 0.483743442849312 0.340796369794278 0.835169884806364
"580" 31 8 0.762 1.372 0.93 1.18 0.579 1.746 0.480894605384742 0.528614575849536 0.725008107285637 0.717144080564934 0.923096358875474 1.11812663517882
"581" 31 9 0.288 0.3 0.571 0.0550000000000002 0.0550000000000002 0.66 0.667814546524024 0.154961174940440 0.63345473430898 0.620303176736858 0.796780768147437 0.635595618711
"582" 31 10 0.563 0.424 0.328 0.557 0.635 0.694 1.36055825118379 0.508694457226071 0.334533381357365 0.496364248693304 0.7161456397819 0.8893529244119
"583" 31 11 0.0550000000000002 0.0550000000000002 0.0550000000000002 0.161 0.0550000000000002 0.0550000000000002 0.871488147419054 0.325938983326667 0.468957633991419 0.498386052519175 0.268418553451361 0.675997260067332
"584" 31 12 0.658 0.614 0.647 0.748 0.817 0.727 1.06905282413640 1.09591098196989 0.572388199752235 0.60739649840172 0.61866434222695 0.78795609798481
"585" 32 1 3.039 3.289 3.121 3.272 2.489 2.694 1.20489450641073 1.56439364111683 1.50859554627034 1.37466849929833 1.6057588108176 1.76698428747546
"586" 32 2 0.0550000000000002 0.0550000000000002 0.0550000000000002 0.0550000000000002 0.0550000000000002 0.113 0.409905580048041 0.328153946092415 0.402939630798955 1.06705554163595 0.650723295294347 0.89205118877133
"587" 32 3 0.0550000000000002 0.939 1.224 0.576 0.456 0.0550000000000002 0.633239205676799 0.704364555708754 0.978054148557156 0.842629793136074 0.94947805270328 1.08029047402501
"588" 32 4 0.0550000000000002 0.0550000000000002 0.0550000000000002 0.0550000000000002 0.0550000000000002 0.0550000000000002 0.591626121656504 0.481626148293998 0.661616060616329 0.623116820249428 0.874376915549998 1.07595428243494
"589" 32 5 0.955 0.534 0.717 0.497 0.771 0.727 0.541876287829814 0.279490246534657 0.632500157593317 0.829999753926639 0.817513847725571 1.26653613276493
"590" 32 6 1.333 1.297 1.034 1.629 1.541 1.536 1.02473038428524 0.706453468999458 0.698652288762432 1.01040224476960 1.33023539838553 1.26811453087683
"591" 32 7 0.0550000000000002 0.0550000000000002 0.0550000000000002 0.0550000000000002 0.0550000000000002 0.0550000000000002 0.690021370811189 0.619129656798394 0.325165137685290 0.140533681450530 0.597205058241171 0.915506037139753
"592" 32 8 0.0550000000000002 0.0550000000000002 0.0550000000000002 0.0550000000000002 0.0550000000000002 0.0550000000000002 0.39519447094225 0.472553220589449 0.273511458835389 0.59895277354143 0.475823432747039 0.571375857282676
"593" 32 9 0.0550000000000002 0.0550000000000002 0.0550000000000002 0.0550000000000002 0.0550000000000002 0.143000000000000 0.361288177323438 0.517517689403105 0.504841011364766 0.625057268026352 0.290282194314898 0.598357432637501
"594" 32 10 1.661 1.744 1.727 1.575 1.74 1.551 1.16278231149687 0.783272404812981 0.723596774247973 0.811883730837522 0.996007694768636 1.14489392718496
"595" 32 11 0.0550000000000002 0.0550000000000002 0.0550000000000002 0.0550000000000002 0.0550000000000002 0.0550000000000002 0.68547219969694 0.574240752372835 0.406471053048984 0.123404184565396 0.504220357425202 0.701688400201278
"596" 32 12 0.412 0.273 0.136 0.476 0.317 0.587 1.43654123862833 0.617035208358309 0.407133038539852 0.397474678911989 0.512025986981590 0.765260550526951
"597" 33 1 0.0550000000000002 0.128 0.0550000000000002 0.216 0.124 0.113 0.60801817897243 0.499353677164508 0.283290028330027 0.790471112917106 0.903913295851008 1.20348304319403
"598" 33 2 0.0550000000000002 0.0550000000000002 0.303 0.0550000000000002 0.0550000000000002 0.0550000000000002 0.296186487875138 0.228194138402685 0.922311400167278 0.450000748476398 0.704500757445747 0.901283619335618
"599" 33 3 0.522 0.706 0.51 0.716 0.635 0.76 0.608604694171185 0.68851806792098 0.621705873612634 0.818896600126081 1.06082238643082 1.13459823666849
"600" 33 4 0.955 0.723 0.814 0.631 1.16 0.986 0.794625980202039 0.723239587741339 0.638084626624646 0.831181254256596 1.19521104114913 1.04375730968646
"601" 33 5 2.973 2.924 2.905 3.165 2.712 2.511 1.0624377985486 1.14420332123498 1.30739064156384 1.27149671093866 1.62227398556181 1.50292171530067
"602" 33 6 0.0550000000000002 0.0550000000000002 0.0550000000000002 0.0550000000000002 0.0550000000000002 0.0550000000000002 0.542403074804096 0.380646932293681 0.424595368177012 0.736944138613216 0.682178275740208 0.86054025829189
"603" 33 7 0.621 0.534 0.628 0.517 0.688 1.094 0.996809551891108 0.440224536703388 0.157786774006700 0.540690044335699 0.904002834707973 0.862338468391341
"604" 33 8 0.0550000000000002 0.0550000000000002 0.0550000000000002 0.102000000000000 0.0550000000000002 0.113 0.745380222972447 0.297631556786656 0.483490608169339 0.316857075483096 0.390276718600861 0.604682798152452
"605" 33 9 1.194 1.128 1.161 1.18 1.105 0.893 1.14500554367391 0.860480034820383 0.834918365009593 0.436234571084805 0.682212202994238 0.689415144240724
"606" 33 10 0.0550000000000002 0.0550000000000002 0.0550000000000002 0.0550000000000002 0.0550000000000002 0.0550000000000002 0.684362764040396 0.375051321200818 0.336168731367331 0.393636183025528 0.567059881685688 0.466524162463632
"607" 33 11 0.0550000000000002 0.0550000000000002 0.0550000000000002 0.0550000000000002 0.0550000000000002 0.0550000000000002 0.969699580459844 0.552632347369344 0.0892550104178134 0.375587836967384 0.537044003483771 0.615644172348162
"608" 33 12 0.288 0.0550000000000002 0.25 0.0550000000000002 0.183 0.305 1.04631404387867 0.571538341776832 0.332470721382321 0.330547890088719 0.499733082998497 0.719476475155783
"609" 34 1 0.563 0.614 1.214 0.613 0.945 0.934 0.585457647518659 0.260273107362329 0.849298400019863 0.83591932046163 1.25750404043987 1.06529387396874
"610" 34 2 0.927 1.057 1.034 1.17 1.059 1.116 0.482305705436544 0.978032462388245 0.512719686095815 0.805990733439976 0.996901246027142 1.09699303425894
"611" 34 3 0.0550000000000002 0.0550000000000002 0.0550000000000002 0.102000000000000 0.0550000000000002 0.172 0.580532185543307 0.378515115023358 0.448435835072728 0.716612439423137 0.76256928109697 0.897837329885988
"612" 34 4 0.825 0.821 0.717 0.631 0.722 0.529 0.871858568326711 0.552644933123451 0.678314999036659 0.855808190076499 0.789052305340489 1.21702351994648
"613" 34 5 0.0550000000000002 0.0550000000000002 0.0550000000000002 0.0550000000000002 0.0550000000000002 0.0550000000000002 0.538538641325331 0.481542427952236 0.268775548631777 0.711139868646632 0.65234260302119 0.779602553986103
"614" 34 6 0.968 0.0550000000000002 0.303 0.0550000000000002 0.0550000000000002 0.0819999999999999 0.85251254167211 0.409640481480824 0.665982945455099 0.500263261834735 0.677222770145825 0.688643373578183
"615" 34 7 0.658 0.852 1.172 0.962 0.918 1.201 0.74670868194353 0.242706871957967 0.603013593249322 0.806650763158316 0.633467901138097 1.10922344333953
"616" 34 8 0.0550000000000002 0.0550000000000002 0.0550000000000002 0.0550000000000002 0.0550000000000002 0.445 0.615962268200315 0.547886774482099 0.213761029609194 0.230871952513625 0.411680425652046 0.891070161601516
"617" 34 9 0.0550000000000002 0.159000000000000 0.0550000000000002 0.0710000000000002 0.093 0.2 0.928770394047798 0.66823005481958 0.0677338573288998 0.256540691251129 0.300495384455737 0.589383544405258
"618" 34 10 0.676 0.469 0.353 0.764 0.317 0.172 0.93906729214497 0.59470145425912 0.44037272316366 0.630870218370727 0.372994051460411 0.803710947732056
"619" 34 11 1.058 1.792 1.793 1.259 1.87 1.831 1.25008261146114 0.747117456511936 0.84366959372343 0.753480192305187 0.952416704819708 1.04310660405420
"620" 34 12 3.69 3.225 2.938 2.662 2.721 2.732 2.00615652564680 1.36529331996426 1.14106258656057 1.08226785871868 1.22976937696442 1.25310474550802
"621" 35 1 0.0550000000000002 0.0550000000000002 0.0550000000000002 0.0550000000000002 0.0550000000000002 0.0550000000000002 0.125970388681902 0.385776605097973 0.481452543795333 0.814779730719815 0.649811500660268 1.05838497246834
"622" 35 2 1.641 1.686 1.714 1.687 1.448 1.271 1.20526086572486 0.570000356077968 0.762601396958052 0.967819870448026 1.00643550725885 0.830338158372155
"623" 35 3 1.128 1.057 0.93 1.2 0.89 1.071 0.790691238465874 0.633067570142962 0.765146184203199 0.877537858595768 0.90967518268287 0.942878555766828
"624" 35 4 0.34 0.534 0.717 0.319 0.154 0.33 0.595151681785231 0.576366785425051 0.720572742055335 0.489718188425312 0.931287264809859 0.75322438260187
"625" 35 5 0.0550000000000002 0.0550000000000002 0.0550000000000002 0.0550000000000002 0.0550000000000002 0.0550000000000002 0.705593751616379 0.253820661935589 0.57286438977423 0.470427589115717 0.596285065840037 0.388774217207035
"626" 35 6 0.412 0.67 0.571 0.78 0.653 0.642 0.779367483863822 0.789717329120652 0.524858239319787 0.702284984310454 0.662529949182082 0.809800478741927
"627" 35 7 1.732 1.247 1.798 1.418 1.832 1.746 0.799894726228769 0.687766902419224 0.943226145855843 0.609777420765147 1.10323535655341 1.16187168740465
"628" 35 8 0.0550000000000002 0.246 0.166 0.319 0.341 1.082 0.907419990852371 0.370887005133468 0.197856953043434 0.338323199623224 0.691064687530814 0.943765224021762
"629" 35 9 0.479 0.469 0.859 0.557 0.56 0.467 1.15054602576373 0.326266580220689 0.436277231389262 0.297805721140776 0.522453433402037 0.861472274876743
"630" 35 10 0.583 0.993 0.902 0.594 0.847 1.289 1.05085171835091 0.80047802640064 0.664666260841059 0.337815954567541 0.831054908775031 0.92019914338535
"631" 35 11 1.215 1.827 0.983 2.013 1.533 1.673 1.03847849752476 1.07822076373394 0.70655203163418 0.900894337682745 0.816742363005696 0.916941463994088
"632" 35 12 0.941 0.74 1.367 0.882 1.139 1.011 1.20842539267303 0.806769330353216 0.79120040900978 0.66190979145919 0.687210534227738 0.739228083118554